6
301A001	1	0	0	1	0	0	0	0	3	3	3	0	0	0	3	1	3	3	3	3	3	0	1	3	3	0	0	0	15	15	17	
301A002	0	2	2	1	0	0	0	0	0	0	2	0	0	0	0	0	1	2	3	0	0	2	2	2	3	0	0	0	11	11	12	
301A003	0	1	0	0	1	0	3	3	0	0	0	0	0	1	1	1	2	0	2	0	1	1	1	1	1	0	1	0	15	15	17	
301A004	0	0	1	1	1	1	1	0	0	1	1	1	0	0	0	0	1	1	0	0	1	0	0	1	1	1	1	0	15	15	17	
301A005	3	3	3	3	0	0	3	1	2	0	0	2	1	3	3	3	0	0	0	0	0	0	0	0	0	3	3	3	15	15	17	
301A006	1	0	0	1	0	0	1	2	1	0	1	0	2	0	1	1	0	1	1	1	0	1	1	0	1	0	0	0	15	15	17	
301A007	1	2	1	0	0	0	0	0	1	1	0	0	0	0	0	1	1	1	1	0	0	1	1	1	1	1	0	1	15	15	17	
301A008	0	1	2	0	2	2	2	0	2	2	0	2	0	0	0	2	2	0	2	0	2	0	2	2	0	0	0	2	15	15	17	
301A009	2	1	0	0	0	0	0	0	3	0	2	3	0	2	2	2	0	3	3	0	3	3	3	0	2	2	0	0	15	15	17	
301A010	2	0	0	2	3	3	0	2	0	0	3	3	3	0	2	0	0	2	0	2	0	2	0	0	2	2	2	0	15	15	17	
302A011
302A012
302A013	2	2	0	3	3	3	0	0	0	0	0	0	2	2	3	3	0	0	0	1	2	1	0	0	0	2	3	2	15	15	17	
302A014
302A015
302A016	0	1	0	0	0	1	0	1	3	3	1	0	0	0	1	0	1	0	0	0	0	3	3	3	0	0	0	0	11	11	12	
302A017	0	0	0	0	2	2	0	2	0	2	2	3	1	3	0	0	3	0	0	0	0	1	1	0	0	0	0	0	11	11	12	
302A018	0	2	0	0	1	1	1	0	1	0	0	0	0	0	0	0	0	0	0	0	1	1	2	0	0	1	2	1	11	11	12	
302A019	1	1	3	0	0	0	0	0	1	2	0	0	0	0	1	2	0	0	0	0	0	0	2	1	0	2	1	0	11	11	12	
302A020
302A021	0	0	0	0	2	2	2	0	0	2	0	1	1	1	0	0	0	0	1	1	2	0	0	2	0	0	0	0	11	11	12	
302A022	0	3	2	0	0	1	0	1	2	1	0	2	0	1	0	0	0	0	0	0	1	2	0	0	3	0	0	0	11	11	12	
302A023	0	0	1	1	1	1	1	1	0	0	2	1	1	0	2	0	1	2	0	0	0	0	2	0	0	0	1	2	15	15	17	
302A024
302A025
302A026
302A027	0	1	2	2	0	0	0	0	0	0	2	1	0	0	0	1	0	0	2	2	1	0	1	0	0	3	0	0	11	11	12	
302A028	0	2	0	0	0	0	1	0	0	0	1	1	2	2	0	1	0	0	0	0	0	0	3	0	1	0	2	1	11	11	12	
302A029	0	0	0	2	1	0	0	0	0	3	3	0	3	3	0	0	2	1	1	1	2	0	0	1	3	3	0	2	15	15	17	
302A030	0	0	1	0	2	2	2	0	0	1	0	0	2	1	0	0	2	0	0	0	0	0	0	3	0	2	0	2	11	11	12	
302A031	3	0	1	1	0	0	0	2	2	0	0	0	0	2	0	2	0	2	0	0	0	2	0	0	0	0	1	1	11	11	12	
302A032	0	0	0	2	0	0	2	1	1	2	2	0	0	0	1	2	2	2	2	2	0	0	0	2	2	0	2	0	15	15	17	
302X033
302X034
302X033	2	0	2	2	0	0	1	1	0	1	1	0	3	0	3	0	3	3	0	3	3	0	0	0	2	0	2	0	15	15	17	
302X034
302X035	1	0	3	0	1	1	2	3	0	3	0	0	1	1	2	0	1	0	0	2	0	0	0	2	0	0	3	3	15	15	17	
302X036	3	0	0	0	3	0	0	0	1	0	0	2	2	2	1	0	0	0	1	1	1	3	3	0	0	3	3	3	15	15	17	
302X037
302X038	0	3	0	3	0	3	3	0	0	0	1	1	3	3	0	3	0	1	3	1	3	0	0	0	0	1	0	3	15	15	17	
302X039
302X041	1	0	3	3	0	0	0	2	2	0	0	0	0	1	0	3	0	1	1	3	1	0	0	1	2	1	1	1	16	15	17	
302X042
302X043	3	3	0	0	3	3	3	3	3	0	3	3	0	0	0	0	3	3	0	3	0	3	0	0	1	1	0	0	15	15	17	
302X044	2	0	1	0	2	2	0	3	0	1	0	2	1	0	2	0	0	0	2	2	2	2	0	3	0	0	0	1	15	15	17	
